{
 "cells": [
  {
   "cell_type": "code",
   "execution_count": 11,
   "metadata": {},
   "outputs": [],
   "source": [
    "import pandas as pd\n",
    "import numpy as np\n",
    "import matplotlib.pyplot as plt\n",
    "import seaborn as sns\n",
    "import os\n",
    "\n",
    "%matplotlib inline\n",
    "sns.set_theme(style=\"whitegrid\")"
   ]
  },
  {
   "cell_type": "code",
   "execution_count": 12,
   "id": "1538db49",
   "metadata": {},
   "outputs": [
    {
     "data": {
      "text/plain": [
       "(76000, 16)"
      ]
     },
     "execution_count": 12,
     "metadata": {},
     "output_type": "execute_result"
    }
   ],
   "source": [
    "#Reads the .csv file\n",
    "df = pd.read_csv(r\"C:\\Users\\harri\\OneDrive\\Documents\\DataScienceProjects\\Retail_Demand_Forecasting_Project\\data\\demand_forecasting.csv\")\n",
    "\n",
    "#Prints the shape of the dataframe out\n",
    "df.shape"
   ]
  },
  {
   "cell_type": "code",
   "execution_count": 13,
   "id": "d7405c67",
   "metadata": {},
   "outputs": [
    {
     "data": {
      "text/plain": [
       "Date                   object\n",
       "Store ID               object\n",
       "Product ID             object\n",
       "Category               object\n",
       "Region                 object\n",
       "Inventory Level         int64\n",
       "Units Sold              int64\n",
       "Units Ordered           int64\n",
       "Price                 float64\n",
       "Discount                int64\n",
       "Weather Condition      object\n",
       "Promotion               int64\n",
       "Competitor Pricing    float64\n",
       "Seasonality            object\n",
       "Epidemic                int64\n",
       "Demand                  int64\n",
       "dtype: object"
      ]
     },
     "execution_count": 13,
     "metadata": {},
     "output_type": "execute_result"
    }
   ],
   "source": [
    "#Shows the data types for the dataset\n",
    "df.dtypes"
   ]
  },
  {
   "cell_type": "code",
   "execution_count": 14,
   "id": "e545943d",
   "metadata": {},
   "outputs": [
    {
     "data": {
      "text/html": [
       "<div>\n",
       "<style scoped>\n",
       "    .dataframe tbody tr th:only-of-type {\n",
       "        vertical-align: middle;\n",
       "    }\n",
       "\n",
       "    .dataframe tbody tr th {\n",
       "        vertical-align: top;\n",
       "    }\n",
       "\n",
       "    .dataframe thead th {\n",
       "        text-align: right;\n",
       "    }\n",
       "</style>\n",
       "<table border=\"1\" class=\"dataframe\">\n",
       "  <thead>\n",
       "    <tr style=\"text-align: right;\">\n",
       "      <th></th>\n",
       "      <th>Date</th>\n",
       "      <th>Store ID</th>\n",
       "      <th>Product ID</th>\n",
       "      <th>Category</th>\n",
       "      <th>Region</th>\n",
       "      <th>Inventory Level</th>\n",
       "      <th>Units Sold</th>\n",
       "      <th>Units Ordered</th>\n",
       "      <th>Price</th>\n",
       "      <th>Discount</th>\n",
       "      <th>Weather Condition</th>\n",
       "      <th>Promotion</th>\n",
       "      <th>Competitor Pricing</th>\n",
       "      <th>Seasonality</th>\n",
       "      <th>Epidemic</th>\n",
       "      <th>Demand</th>\n",
       "    </tr>\n",
       "  </thead>\n",
       "  <tbody>\n",
       "    <tr>\n",
       "      <th>0</th>\n",
       "      <td>2022-01-01</td>\n",
       "      <td>S001</td>\n",
       "      <td>P0001</td>\n",
       "      <td>Electronics</td>\n",
       "      <td>North</td>\n",
       "      <td>195</td>\n",
       "      <td>102</td>\n",
       "      <td>252</td>\n",
       "      <td>72.72</td>\n",
       "      <td>5</td>\n",
       "      <td>Snowy</td>\n",
       "      <td>0</td>\n",
       "      <td>85.73</td>\n",
       "      <td>Winter</td>\n",
       "      <td>0</td>\n",
       "      <td>115</td>\n",
       "    </tr>\n",
       "    <tr>\n",
       "      <th>1</th>\n",
       "      <td>2022-01-01</td>\n",
       "      <td>S001</td>\n",
       "      <td>P0002</td>\n",
       "      <td>Clothing</td>\n",
       "      <td>North</td>\n",
       "      <td>117</td>\n",
       "      <td>117</td>\n",
       "      <td>249</td>\n",
       "      <td>80.16</td>\n",
       "      <td>15</td>\n",
       "      <td>Snowy</td>\n",
       "      <td>1</td>\n",
       "      <td>92.02</td>\n",
       "      <td>Winter</td>\n",
       "      <td>0</td>\n",
       "      <td>229</td>\n",
       "    </tr>\n",
       "    <tr>\n",
       "      <th>2</th>\n",
       "      <td>2022-01-01</td>\n",
       "      <td>S001</td>\n",
       "      <td>P0003</td>\n",
       "      <td>Clothing</td>\n",
       "      <td>North</td>\n",
       "      <td>247</td>\n",
       "      <td>114</td>\n",
       "      <td>612</td>\n",
       "      <td>62.94</td>\n",
       "      <td>10</td>\n",
       "      <td>Snowy</td>\n",
       "      <td>1</td>\n",
       "      <td>60.08</td>\n",
       "      <td>Winter</td>\n",
       "      <td>0</td>\n",
       "      <td>157</td>\n",
       "    </tr>\n",
       "    <tr>\n",
       "      <th>3</th>\n",
       "      <td>2022-01-01</td>\n",
       "      <td>S001</td>\n",
       "      <td>P0004</td>\n",
       "      <td>Electronics</td>\n",
       "      <td>North</td>\n",
       "      <td>139</td>\n",
       "      <td>45</td>\n",
       "      <td>102</td>\n",
       "      <td>87.63</td>\n",
       "      <td>10</td>\n",
       "      <td>Snowy</td>\n",
       "      <td>0</td>\n",
       "      <td>85.19</td>\n",
       "      <td>Winter</td>\n",
       "      <td>0</td>\n",
       "      <td>52</td>\n",
       "    </tr>\n",
       "    <tr>\n",
       "      <th>4</th>\n",
       "      <td>2022-01-01</td>\n",
       "      <td>S001</td>\n",
       "      <td>P0005</td>\n",
       "      <td>Groceries</td>\n",
       "      <td>North</td>\n",
       "      <td>152</td>\n",
       "      <td>65</td>\n",
       "      <td>271</td>\n",
       "      <td>54.41</td>\n",
       "      <td>0</td>\n",
       "      <td>Snowy</td>\n",
       "      <td>0</td>\n",
       "      <td>51.63</td>\n",
       "      <td>Winter</td>\n",
       "      <td>0</td>\n",
       "      <td>59</td>\n",
       "    </tr>\n",
       "  </tbody>\n",
       "</table>\n",
       "</div>"
      ],
      "text/plain": [
       "         Date Store ID Product ID     Category Region  Inventory Level  \\\n",
       "0  2022-01-01     S001      P0001  Electronics  North              195   \n",
       "1  2022-01-01     S001      P0002     Clothing  North              117   \n",
       "2  2022-01-01     S001      P0003     Clothing  North              247   \n",
       "3  2022-01-01     S001      P0004  Electronics  North              139   \n",
       "4  2022-01-01     S001      P0005    Groceries  North              152   \n",
       "\n",
       "   Units Sold  Units Ordered  Price  Discount Weather Condition  Promotion  \\\n",
       "0         102            252  72.72         5             Snowy          0   \n",
       "1         117            249  80.16        15             Snowy          1   \n",
       "2         114            612  62.94        10             Snowy          1   \n",
       "3          45            102  87.63        10             Snowy          0   \n",
       "4          65            271  54.41         0             Snowy          0   \n",
       "\n",
       "   Competitor Pricing Seasonality  Epidemic  Demand  \n",
       "0               85.73      Winter         0     115  \n",
       "1               92.02      Winter         0     229  \n",
       "2               60.08      Winter         0     157  \n",
       "3               85.19      Winter         0      52  \n",
       "4               51.63      Winter         0      59  "
      ]
     },
     "execution_count": 14,
     "metadata": {},
     "output_type": "execute_result"
    }
   ],
   "source": [
    "df.head()"
   ]
  },
  {
   "cell_type": "code",
   "execution_count": null,
   "id": "a69e93e7",
   "metadata": {},
   "outputs": [
    {
     "data": {
      "text/html": [
       "<div>\n",
       "<style scoped>\n",
       "    .dataframe tbody tr th:only-of-type {\n",
       "        vertical-align: middle;\n",
       "    }\n",
       "\n",
       "    .dataframe tbody tr th {\n",
       "        vertical-align: top;\n",
       "    }\n",
       "\n",
       "    .dataframe thead th {\n",
       "        text-align: right;\n",
       "    }\n",
       "</style>\n",
       "<table border=\"1\" class=\"dataframe\">\n",
       "  <thead>\n",
       "    <tr style=\"text-align: right;\">\n",
       "      <th></th>\n",
       "      <th>Inventory Level</th>\n",
       "      <th>Units Sold</th>\n",
       "      <th>Units Ordered</th>\n",
       "      <th>Price</th>\n",
       "      <th>Discount</th>\n",
       "      <th>Promotion</th>\n",
       "      <th>Competitor Pricing</th>\n",
       "      <th>Epidemic</th>\n",
       "      <th>Demand</th>\n",
       "    </tr>\n",
       "  </thead>\n",
       "  <tbody>\n",
       "    <tr>\n",
       "      <th>Inventory Level</th>\n",
       "      <td>1.000000</td>\n",
       "      <td>0.234590</td>\n",
       "      <td>-0.034698</td>\n",
       "      <td>-0.036673</td>\n",
       "      <td>-0.000678</td>\n",
       "      <td>-0.006082</td>\n",
       "      <td>-0.034754</td>\n",
       "      <td>-0.097550</td>\n",
       "      <td>0.126618</td>\n",
       "    </tr>\n",
       "    <tr>\n",
       "      <th>Units Sold</th>\n",
       "      <td>0.234590</td>\n",
       "      <td>1.000000</td>\n",
       "      <td>0.433943</td>\n",
       "      <td>-0.014506</td>\n",
       "      <td>0.183523</td>\n",
       "      <td>0.227062</td>\n",
       "      <td>-0.013989</td>\n",
       "      <td>-0.317855</td>\n",
       "      <td>0.833421</td>\n",
       "    </tr>\n",
       "    <tr>\n",
       "      <th>Units Ordered</th>\n",
       "      <td>-0.034698</td>\n",
       "      <td>0.433943</td>\n",
       "      <td>1.000000</td>\n",
       "      <td>0.044980</td>\n",
       "      <td>0.172972</td>\n",
       "      <td>0.214743</td>\n",
       "      <td>0.045235</td>\n",
       "      <td>-0.100546</td>\n",
       "      <td>0.511963</td>\n",
       "    </tr>\n",
       "    <tr>\n",
       "      <th>Price</th>\n",
       "      <td>-0.036673</td>\n",
       "      <td>-0.014506</td>\n",
       "      <td>0.044980</td>\n",
       "      <td>1.000000</td>\n",
       "      <td>-0.094136</td>\n",
       "      <td>-0.043190</td>\n",
       "      <td>0.976648</td>\n",
       "      <td>-0.089658</td>\n",
       "      <td>-0.023461</td>\n",
       "    </tr>\n",
       "    <tr>\n",
       "      <th>Discount</th>\n",
       "      <td>-0.000678</td>\n",
       "      <td>0.183523</td>\n",
       "      <td>0.172972</td>\n",
       "      <td>-0.094136</td>\n",
       "      <td>1.000000</td>\n",
       "      <td>0.784039</td>\n",
       "      <td>-0.092066</td>\n",
       "      <td>-0.003885</td>\n",
       "      <td>0.224723</td>\n",
       "    </tr>\n",
       "    <tr>\n",
       "      <th>Promotion</th>\n",
       "      <td>-0.006082</td>\n",
       "      <td>0.227062</td>\n",
       "      <td>0.214743</td>\n",
       "      <td>-0.043190</td>\n",
       "      <td>0.784039</td>\n",
       "      <td>1.000000</td>\n",
       "      <td>-0.041385</td>\n",
       "      <td>0.000700</td>\n",
       "      <td>0.282537</td>\n",
       "    </tr>\n",
       "    <tr>\n",
       "      <th>Competitor Pricing</th>\n",
       "      <td>-0.034754</td>\n",
       "      <td>-0.013989</td>\n",
       "      <td>0.045235</td>\n",
       "      <td>0.976648</td>\n",
       "      <td>-0.092066</td>\n",
       "      <td>-0.041385</td>\n",
       "      <td>1.000000</td>\n",
       "      <td>-0.089466</td>\n",
       "      <td>-0.023036</td>\n",
       "    </tr>\n",
       "    <tr>\n",
       "      <th>Epidemic</th>\n",
       "      <td>-0.097550</td>\n",
       "      <td>-0.317855</td>\n",
       "      <td>-0.100546</td>\n",
       "      <td>-0.089658</td>\n",
       "      <td>-0.003885</td>\n",
       "      <td>0.000700</td>\n",
       "      <td>-0.089466</td>\n",
       "      <td>1.000000</td>\n",
       "      <td>-0.363661</td>\n",
       "    </tr>\n",
       "    <tr>\n",
       "      <th>Demand</th>\n",
       "      <td>0.126618</td>\n",
       "      <td>0.833421</td>\n",
       "      <td>0.511963</td>\n",
       "      <td>-0.023461</td>\n",
       "      <td>0.224723</td>\n",
       "      <td>0.282537</td>\n",
       "      <td>-0.023036</td>\n",
       "      <td>-0.363661</td>\n",
       "      <td>1.000000</td>\n",
       "    </tr>\n",
       "  </tbody>\n",
       "</table>\n",
       "</div>"
      ],
      "text/plain": [
       "                    Inventory Level  Units Sold  Units Ordered     Price  \\\n",
       "Inventory Level            1.000000    0.234590      -0.034698 -0.036673   \n",
       "Units Sold                 0.234590    1.000000       0.433943 -0.014506   \n",
       "Units Ordered             -0.034698    0.433943       1.000000  0.044980   \n",
       "Price                     -0.036673   -0.014506       0.044980  1.000000   \n",
       "Discount                  -0.000678    0.183523       0.172972 -0.094136   \n",
       "Promotion                 -0.006082    0.227062       0.214743 -0.043190   \n",
       "Competitor Pricing        -0.034754   -0.013989       0.045235  0.976648   \n",
       "Epidemic                  -0.097550   -0.317855      -0.100546 -0.089658   \n",
       "Demand                     0.126618    0.833421       0.511963 -0.023461   \n",
       "\n",
       "                    Discount  Promotion  Competitor Pricing  Epidemic  \\\n",
       "Inventory Level    -0.000678  -0.006082           -0.034754 -0.097550   \n",
       "Units Sold          0.183523   0.227062           -0.013989 -0.317855   \n",
       "Units Ordered       0.172972   0.214743            0.045235 -0.100546   \n",
       "Price              -0.094136  -0.043190            0.976648 -0.089658   \n",
       "Discount            1.000000   0.784039           -0.092066 -0.003885   \n",
       "Promotion           0.784039   1.000000           -0.041385  0.000700   \n",
       "Competitor Pricing -0.092066  -0.041385            1.000000 -0.089466   \n",
       "Epidemic           -0.003885   0.000700           -0.089466  1.000000   \n",
       "Demand              0.224723   0.282537           -0.023036 -0.363661   \n",
       "\n",
       "                      Demand  \n",
       "Inventory Level     0.126618  \n",
       "Units Sold          0.833421  \n",
       "Units Ordered       0.511963  \n",
       "Price              -0.023461  \n",
       "Discount            0.224723  \n",
       "Promotion           0.282537  \n",
       "Competitor Pricing -0.023036  \n",
       "Epidemic           -0.363661  \n",
       "Demand              1.000000  "
      ]
     },
     "execution_count": 16,
     "metadata": {},
     "output_type": "execute_result"
    }
   ],
   "source": [
    "#Prints out the numeric correlation matrix\n",
    "numeric_corr = df.corr(numeric_only=True)\n",
    "numeric_corr"
   ]
  },
  {
   "cell_type": "code",
   "execution_count": 18,
   "id": "544c799b",
   "metadata": {},
   "outputs": [
    {
     "name": "stdout",
     "output_type": "stream",
     "text": [
      "Inventory Level: 2759 outliers\n",
      "Units Sold: 1411 outliers\n",
      "Units Ordered: 7524 outliers\n",
      "Price: 70 outliers\n",
      "Discount: 12413 outliers\n",
      "Promotion: 0 outliers\n",
      "Competitor Pricing: 185 outliers\n",
      "Epidemic: 15200 outliers\n",
      "Demand: 986 outliers\n"
     ]
    }
   ],
   "source": [
    "numeric_features = ['Inventory Level', 'Units Sold', 'Units Ordered', 'Price', 'Discount', 'Promotion', 'Competitor Pricing', 'Epidemic', 'Demand']\n",
    "for col in numeric_features:\n",
    "    q1 = df[col].quantile(0.25)\n",
    "    q3 = df[col].quantile(0.75)\n",
    "    iqr = q3 - q1\n",
    "\n",
    "    lower_bound = q1 - 1.5 * iqr\n",
    "    upper_bound = q3 + 1.5 * iqr\n",
    "\n",
    "    outliers = df[(df[col] < lower_bound) | (df[col] > upper_bound)]\n",
    "\n",
    "    print(f\"{col}: \" + str(len(outliers)) + \" outliers\")"
   ]
  },
  {
   "cell_type": "code",
   "execution_count": 20,
   "id": "ee645ddd",
   "metadata": {},
   "outputs": [
    {
     "data": {
      "text/html": [
       "<div>\n",
       "<style scoped>\n",
       "    .dataframe tbody tr th:only-of-type {\n",
       "        vertical-align: middle;\n",
       "    }\n",
       "\n",
       "    .dataframe tbody tr th {\n",
       "        vertical-align: top;\n",
       "    }\n",
       "\n",
       "    .dataframe thead th {\n",
       "        text-align: right;\n",
       "    }\n",
       "</style>\n",
       "<table border=\"1\" class=\"dataframe\">\n",
       "  <thead>\n",
       "    <tr style=\"text-align: right;\">\n",
       "      <th></th>\n",
       "      <th>Inventory Level</th>\n",
       "      <th>Units Sold</th>\n",
       "      <th>Units Ordered</th>\n",
       "      <th>Price</th>\n",
       "      <th>Discount</th>\n",
       "      <th>Promotion</th>\n",
       "      <th>Competitor Pricing</th>\n",
       "      <th>Epidemic</th>\n",
       "      <th>Demand</th>\n",
       "    </tr>\n",
       "  </thead>\n",
       "  <tbody>\n",
       "    <tr>\n",
       "      <th>Inventory Level</th>\n",
       "      <td>1.000000</td>\n",
       "      <td>0.252028</td>\n",
       "      <td>-0.277970</td>\n",
       "      <td>0.007980</td>\n",
       "      <td>-0.000829</td>\n",
       "      <td>-0.005777</td>\n",
       "      <td>0.010174</td>\n",
       "      <td>-0.106334</td>\n",
       "      <td>0.117184</td>\n",
       "    </tr>\n",
       "    <tr>\n",
       "      <th>Units Sold</th>\n",
       "      <td>0.252028</td>\n",
       "      <td>1.000000</td>\n",
       "      <td>0.337778</td>\n",
       "      <td>-0.013064</td>\n",
       "      <td>0.166772</td>\n",
       "      <td>0.211554</td>\n",
       "      <td>-0.012589</td>\n",
       "      <td>-0.341171</td>\n",
       "      <td>0.847304</td>\n",
       "    </tr>\n",
       "    <tr>\n",
       "      <th>Units Ordered</th>\n",
       "      <td>-0.277970</td>\n",
       "      <td>0.337778</td>\n",
       "      <td>1.000000</td>\n",
       "      <td>0.024945</td>\n",
       "      <td>0.146276</td>\n",
       "      <td>0.189399</td>\n",
       "      <td>0.024087</td>\n",
       "      <td>-0.075258</td>\n",
       "      <td>0.426569</td>\n",
       "    </tr>\n",
       "    <tr>\n",
       "      <th>Price</th>\n",
       "      <td>0.007980</td>\n",
       "      <td>-0.013064</td>\n",
       "      <td>0.024945</td>\n",
       "      <td>1.000000</td>\n",
       "      <td>-0.083128</td>\n",
       "      <td>-0.039252</td>\n",
       "      <td>0.983696</td>\n",
       "      <td>-0.081835</td>\n",
       "      <td>-0.024321</td>\n",
       "    </tr>\n",
       "    <tr>\n",
       "      <th>Discount</th>\n",
       "      <td>-0.000829</td>\n",
       "      <td>0.166772</td>\n",
       "      <td>0.146276</td>\n",
       "      <td>-0.083128</td>\n",
       "      <td>1.000000</td>\n",
       "      <td>0.765674</td>\n",
       "      <td>-0.080804</td>\n",
       "      <td>-0.003444</td>\n",
       "      <td>0.204341</td>\n",
       "    </tr>\n",
       "    <tr>\n",
       "      <th>Promotion</th>\n",
       "      <td>-0.005777</td>\n",
       "      <td>0.211554</td>\n",
       "      <td>0.189399</td>\n",
       "      <td>-0.039252</td>\n",
       "      <td>0.765674</td>\n",
       "      <td>1.000000</td>\n",
       "      <td>-0.037759</td>\n",
       "      <td>0.000700</td>\n",
       "      <td>0.261325</td>\n",
       "    </tr>\n",
       "    <tr>\n",
       "      <th>Competitor Pricing</th>\n",
       "      <td>0.010174</td>\n",
       "      <td>-0.012589</td>\n",
       "      <td>0.024087</td>\n",
       "      <td>0.983696</td>\n",
       "      <td>-0.080804</td>\n",
       "      <td>-0.037759</td>\n",
       "      <td>1.000000</td>\n",
       "      <td>-0.080965</td>\n",
       "      <td>-0.024071</td>\n",
       "    </tr>\n",
       "    <tr>\n",
       "      <th>Epidemic</th>\n",
       "      <td>-0.106334</td>\n",
       "      <td>-0.341171</td>\n",
       "      <td>-0.075258</td>\n",
       "      <td>-0.081835</td>\n",
       "      <td>-0.003444</td>\n",
       "      <td>0.000700</td>\n",
       "      <td>-0.080965</td>\n",
       "      <td>1.000000</td>\n",
       "      <td>-0.376951</td>\n",
       "    </tr>\n",
       "    <tr>\n",
       "      <th>Demand</th>\n",
       "      <td>0.117184</td>\n",
       "      <td>0.847304</td>\n",
       "      <td>0.426569</td>\n",
       "      <td>-0.024321</td>\n",
       "      <td>0.204341</td>\n",
       "      <td>0.261325</td>\n",
       "      <td>-0.024071</td>\n",
       "      <td>-0.376951</td>\n",
       "      <td>1.000000</td>\n",
       "    </tr>\n",
       "  </tbody>\n",
       "</table>\n",
       "</div>"
      ],
      "text/plain": [
       "                    Inventory Level  Units Sold  Units Ordered     Price  \\\n",
       "Inventory Level            1.000000    0.252028      -0.277970  0.007980   \n",
       "Units Sold                 0.252028    1.000000       0.337778 -0.013064   \n",
       "Units Ordered             -0.277970    0.337778       1.000000  0.024945   \n",
       "Price                      0.007980   -0.013064       0.024945  1.000000   \n",
       "Discount                  -0.000829    0.166772       0.146276 -0.083128   \n",
       "Promotion                 -0.005777    0.211554       0.189399 -0.039252   \n",
       "Competitor Pricing         0.010174   -0.012589       0.024087  0.983696   \n",
       "Epidemic                  -0.106334   -0.341171      -0.075258 -0.081835   \n",
       "Demand                     0.117184    0.847304       0.426569 -0.024321   \n",
       "\n",
       "                    Discount  Promotion  Competitor Pricing  Epidemic  \\\n",
       "Inventory Level    -0.000829  -0.005777            0.010174 -0.106334   \n",
       "Units Sold          0.166772   0.211554           -0.012589 -0.341171   \n",
       "Units Ordered       0.146276   0.189399            0.024087 -0.075258   \n",
       "Price              -0.083128  -0.039252            0.983696 -0.081835   \n",
       "Discount            1.000000   0.765674           -0.080804 -0.003444   \n",
       "Promotion           0.765674   1.000000           -0.037759  0.000700   \n",
       "Competitor Pricing -0.080804  -0.037759            1.000000 -0.080965   \n",
       "Epidemic           -0.003444   0.000700           -0.080965  1.000000   \n",
       "Demand              0.204341   0.261325           -0.024071 -0.376951   \n",
       "\n",
       "                      Demand  \n",
       "Inventory Level     0.117184  \n",
       "Units Sold          0.847304  \n",
       "Units Ordered       0.426569  \n",
       "Price              -0.024321  \n",
       "Discount            0.204341  \n",
       "Promotion           0.261325  \n",
       "Competitor Pricing -0.024071  \n",
       "Epidemic           -0.376951  \n",
       "Demand              1.000000  "
      ]
     },
     "execution_count": 20,
     "metadata": {},
     "output_type": "execute_result"
    }
   ],
   "source": [
    "#Trying a Spearman Correlation Matrix since massive amount of outliers\n",
    "df[numeric_features].corr(method='spearman')"
   ]
  }
 ],
 "metadata": {
  "kernelspec": {
   "display_name": "Python 3",
   "language": "python",
   "name": "python3"
  },
  "language_info": {
   "codemirror_mode": {
    "name": "ipython",
    "version": 3
   },
   "file_extension": ".py",
   "mimetype": "text/x-python",
   "name": "python",
   "nbconvert_exporter": "python",
   "pygments_lexer": "ipython3",
   "version": "3.11.9"
  }
 },
 "nbformat": 4,
 "nbformat_minor": 5
}
